error(train): 0.4429530201342282
error(test): 0.4939759036144578
